21
-1 -0.002482 1.465997 0.016313 -0.001241 1.465960 0.072444
0.000000 0.000000 0.000000 0.000000 0.000000 0.000000

-0.996811 0.022103 0.076680 -0.002482 
0.076684 -0.000653 0.997055 1.465997 
0.022088 0.999756 -0.001044 0.016313 
0.000000 0.000000 0.000000 1.000000 


0 -0.001241 1.465960 0.072444 -0.000620 1.196907 0.089651
0.000000 0.000000 0.000000 0.000000 0.000000 0.000000

-0.996958 0.002301 0.077907 -0.001241 
0.002682 -0.997959 0.063807 1.465960 
0.077894 0.063821 0.994917 0.072444 
0.000000 0.000000 0.000000 1.000000 


1 -0.000620 1.196907 0.089651 0.000000 0.927854 0.057856
-0.349066 0.523599 -0.349066 0.349066 -0.261799 0.261799

-0.996925 0.002290 0.078323 -0.000620 
-0.011459 -0.993088 -0.116815 1.196907 
0.077514 -0.117353 0.990061 0.089651 
0.000000 0.000000 0.000000 1.000000 


2 0.000000 0.927854 0.057856 0.128720 0.803591 0.094805
0.000000 0.000000 0.000000 0.000000 0.000000 0.000000

-0.210462 0.704586 0.677690 -0.000000 
0.071887 -0.680186 0.729506 0.927853 
0.974955 0.202250 0.092502 0.057856 
0.000000 0.000000 0.000000 1.000000 


3 0.128720 0.803591 0.094805 0.158814 0.469268 0.091468
-0.261799 1.745329 -0.349066 0.698132 -0.698132 0.698132

-0.995973 0.089650 0.000097 0.128720 
-0.089647 -0.995924 -0.009974 0.803591 
-0.000798 -0.009943 0.999950 0.094805 
0.000000 0.000000 0.000000 1.000000 


4 0.158814 0.469268 0.091468 0.192677 0.038804 0.056314
-2.443461 0.017453 0.000000 0.000000 0.000000 0.000000

-0.996918 0.078165 0.006645 0.158814 
-0.078447 -0.993633 -0.080871 0.469268 
0.000282 -0.081143 0.996702 0.091468 
0.000000 0.000000 0.000000 1.000000 


5 0.192677 0.038804 0.056314 0.192677 0.038804 0.261000
-0.872665 0.174533 -0.087266 0.087266 -0.174533 0.174533

-1.000000 0.000000 -0.000000 0.192677 
-0.000000 -0.000000 1.000000 0.038804 
0.000000 1.000000 0.000000 0.056314 
0.000000 0.000000 0.000000 1.000000 


2 0.000000 0.927854 0.057856 -0.118430 0.817679 0.082114
0.000000 0.000000 0.000000 0.000000 0.000000 0.000000

-0.164738 -0.724066 -0.669768 -0.000000 
-0.039904 -0.673597 0.738021 0.927853 
-0.985530 0.148307 0.082074 0.057856 
0.000000 0.000000 0.000000 1.000000 


7 -0.118430 0.817679 0.082114 -0.150773 0.476366 0.076877
-0.261799 1.745329 -0.698132 0.349066 -0.698132 0.698132

-0.995540 -0.094327 -0.001441 -0.118430 
0.094338 -0.995424 -0.015204 0.817679 
0.000000 -0.015272 0.999883 0.082114 
0.000000 0.000000 0.000000 1.000000 


8 -0.150773 0.476366 0.076877 -0.184283 0.037866 0.042296
-2.443461 0.017453 0.000000 0.000000 0.000000 0.000000

-0.997047 -0.075963 -0.011266 -0.150773 
0.076611 -0.994024 -0.077757 0.476366 
-0.005292 -0.078390 0.996909 0.076877 
0.000000 0.000000 0.000000 1.000000 


9 -0.184283 0.037866 0.042296 -0.220120 0.037866 0.255926
-0.872665 0.174533 -0.087266 0.087266 -0.174533 0.174533

-0.986220 -0.165441 0.000000 -0.184283 
-0.000000 0.000000 1.000000 0.037866 
-0.165441 0.986220 -0.000000 0.042297 
0.000000 0.000000 0.000000 1.000000 


0 -0.001241 1.465960 0.072444 -0.182938 1.441777 0.032552
0.000000 0.000000 0.000000 0.000000 0.000000 0.000000

0.212486 -0.968585 -0.129200 -0.001241 
0.015253 -0.128916 0.991538 1.465960 
-0.977045 -0.212658 -0.012619 0.072444 
0.000000 0.000000 0.000000 1.000000 


11 -0.182938 1.441777 0.032552 -0.429312 1.411576 -0.012639
-1.221730 1.570796 -0.349066 0.261799 -0.610865 1.745329

0.175697 -0.976518 -0.124669 -0.182938 
0.038624 -0.119703 0.992058 1.441777 
-0.983686 -0.179117 0.016685 0.032552 
0.000000 0.000000 0.000000 1.000000 


12 -0.429312 1.411576 -0.012639 -0.670332 1.411576 -0.006574
0.000000 0.000000 0.000000 0.000000 -0.087266 2.443461

-0.025157 -0.999683 0.000000 -0.429312 
-0.000000 0.000000 1.000000 1.411576 
-0.999684 0.025157 -0.000000 -0.012639 
0.000000 0.000000 0.000000 1.000000 


13 -0.670332 1.411576 -0.006574 -0.861912 1.421876 0.014784
-0.523599 0.523599 -1.047198 1.047198 -0.523599 1.047198

-0.110482 -0.992427 0.053686 -0.670332 
0.005940 0.053357 0.998558 1.411576 
-0.993860 0.110641 -0.000000 -0.006574 
0.000000 0.000000 0.000000 1.000000 


0 -0.001241 1.465960 0.072444 0.158762 1.443712 0.028109
0.000000 0.000000 0.000000 0.000000 0.000000 0.000000

0.259221 0.955152 0.143139 -0.001241 
-0.057020 -0.132812 0.989500 1.465960 
0.964133 -0.264661 0.020035 0.072444 
0.000000 0.000000 0.000000 1.000000 


15 0.158762 1.443712 0.028109 0.424652 1.414048 0.002498
-1.221730 1.570796 -0.261799 0.349066 -1.745329 0.610865

0.091247 0.989311 0.113739 0.158762 
-0.041143 -0.110373 0.993038 1.443712 
0.994978 -0.095291 0.030632 0.028109 
0.000000 0.000000 0.000000 1.000000 


16 0.424652 1.414048 0.002498 0.676090 1.421464 -0.004188
-0.523599 0.523599 0.000000 0.000000 -2.443461 0.087266

0.026555 0.999212 -0.029487 0.424652 
0.001003 0.029471 0.999565 1.414048 
0.999647 -0.026573 -0.000220 0.002498 
0.000000 0.000000 0.000000 1.000000 


17 0.676090 1.421464 -0.004188 0.834298 1.428131 0.010644
0.000000 0.000000 -1.047198 1.047198 -1.047198 0.523599

-0.093280 0.994759 -0.041871 0.676090 
-0.001457 0.041918 0.999120 1.421464 
0.995639 0.093259 -0.002461 -0.004188 
0.000000 0.000000 0.000000 1.000000 


0 -0.001241 1.465960 0.072444 -0.001241 1.533854 0.072444
0.000000 0.000000 0.000000 0.000000 0.000000 0.000000

-1.000000 0.000000 -0.000000 -0.001241 
0.000000 1.000000 -0.000000 1.465960 
0.000000 -0.000000 -1.000000 0.072444 
0.000000 0.000000 0.000000 1.000000 


19 -0.001241 1.533854 0.072444 -0.001241 1.702208 0.102528
-0.575959 0.453786 -0.174533 0.174533 -0.523599 0.523599

-1.000000 0.000000 -0.000000 -0.001241 
-0.000000 0.984407 0.175907 1.533854 
0.000000 0.175907 -0.984407 0.072444 
0.000000 0.000000 0.000000 1.000000 


